Date,Actual Price,Discount Price
2024-04-29,510000,510000
2024-05-01,510000,510000
2024-05-04,510000,510000
2024-05-05,510000,510000
2024-05-07,510000,510000
2024-05-09,510000,510000
